1748880344518 0.6992632746696472 0
1748880344521 0.7040302157402039 1
1748880344525 0.7032486200332642 2
1748880344528 0.7024562954902649 3
1748880344531 0.7047677040100098 4
1748880344534 0.704467236995697 5
1748880344537 0.7041879892349243 6
1748880344540 0.7050490379333496 7
1748880344543 0.7033731937408447 8
1748880344545 0.7023572325706482 9
1748880344548 0.703560471534729 10
1748880344550 0.7044360637664795 11
1748880344552 0.7029411196708679 12
1748880344555 0.7064303755760193 13
1748880344557 0.7011913061141968 14
1748880344560 0.7027051448822021 15
1748880344562 0.7036234140396118 16
1748880344565 0.7071953415870667 17
1748880344567 0.7012869715690613 18
1748880344569 0.7012428045272827 19
1748880344572 0.699723482131958 20
1748880344574 0.701568603515625 21
1748880344576 0.6960710287094116 22
1748880344579 0.7019929885864258 23
1748880344581 0.7009754776954651 24
1748880344584 0.7019350528717041 25
1748880344586 0.698420524597168 26
1748880344588 0.6993916034698486 27
1748880344591 0.7000710368156433 28
1748880344593 0.6980698704719543 29
1748880344595 0.7005851864814758 30
1748880344598 0.7001276016235352 31
1748880344600 0.7008036375045776 32
1748880344603 0.7020338773727417 33
1748880344605 0.6996811628341675 34
1748880344608 0.7005785703659058 35
1748880344610 0.6975394487380981 36
1748880344612 0.7001758813858032 37
1748880344615 0.699045717716217 38
1748880344617 0.7003287076950073 39
1748880344619 0.6992076635360718 40
1748880344621 0.6989442706108093 41
1748880344624 0.6975497007369995 42
1748880344626 0.6986485719680786 43
1748880344628 0.6963471174240112 44
1748880344630 0.698433518409729 45
1748880344633 0.6969897747039795 46
1748880344635 0.6992968916893005 47
1748880344637 0.6999428868293762 48
1748880344640 0.6950368285179138 49
