1748880348959 0.6947289109230042 0
1748880348962 0.6793313026428223 1
1748880348964 0.5019378066062927 2
1748880348966 0.4825502038002014 3
1748880348968 0.805041491985321 4
1748880348969 0.5137200355529785 5
1748880348971 0.38454312086105347 6
1748880348973 0.338872492313385 7
1748880348975 0.34533488750457764 8
1748880348977 0.3429471254348755 9
1748880348979 0.3550569713115692 10
1748880348981 0.320269376039505 11
1748880348982 0.3013288974761963 12
1748880348984 0.3047037124633789 13
1748880348985 0.31679898500442505 14
1748880348987 0.3441147208213806 15
1748880348989 0.31741127371788025 16
1748880348991 0.28368833661079407 17
1748880348993 0.2705497145652771 18
1748880348995 0.25744929909706116 19
1748880348996 0.24875912070274353 20
1748880348998 0.24890364706516266 21
1748880349000 0.23358328640460968 22
1748880349002 0.2364291101694107 23
1748880349004 0.23646944761276245 24
1748880349006 0.23663964867591858 25
