1748878582011 0.696731448173523 0
1748878582012 0.6868752241134644 1
1748878582014 0.6720874309539795 2
1748878582016 0.6569993495941162 3
1748878582018 0.6404588222503662 4
1748878582019 0.611707866191864 5
1748878582020 0.5896202921867371 6
1748878582021 0.5531927347183228 7
1748878582022 0.5213474631309509 8
1748878582024 0.49086177349090576 9
1748878582026 0.4596059024333954 10
1748878582027 0.4485413730144501 11
1748878582028 0.42114147543907166 12
1748878582029 0.40604615211486816 13
1748878582032 0.39338576793670654 14
1748878582033 0.3993941843509674 15
1748878582035 0.36572155356407166 16
1748878582036 0.37405940890312195 17
1748878582037 0.37617239356040955 18
1748878582039 0.36505255103111267 19
1748878582041 0.36344870924949646 20
1748878582042 0.3472558557987213 21
1748878582043 0.35675105452537537 22
