1748878594602 0.6935735940933228 0
1748878594606 0.6899781227111816 1
1748878594610 0.6915297508239746 2
1748878594612 0.6913608908653259 3
1748878594618 0.6902742385864258 4
1748878594621 0.6904501914978027 5
1748878594624 0.6851240396499634 6
1748878594626 0.6922472715377808 7
1748878594628 0.6887032389640808 8
1748878594630 0.6877818703651428 9
1748878594633 0.6859070658683777 10
1748878594635 0.6884328126907349 11
1748878594637 0.6829205751419067 12
1748878594640 0.6814026832580566 13
1748878594642 0.6843746304512024 14
1748878594644 0.6825815439224243 15
1748878594646 0.6786214113235474 16
1748878594648 0.6814312934875488 17
1748878594650 0.6787517666816711 18
1748878594652 0.6780447959899902 19
1748878594655 0.676099956035614 20
1748878594657 0.6759107708930969 21
1748878594659 0.6735376119613647 22
1748878594661 0.6718942523002625 23
1748878594663 0.669649600982666 24
1748878594665 0.6722721457481384 25
1748878594667 0.6669158935546875 26
1748878594669 0.6694532632827759 27
1748878594672 0.6636430621147156 28
1748878594674 0.6655912399291992 29
1748878594677 0.6648630499839783 30
1748878594679 0.6670590043067932 31
1748878594681 0.6625555753707886 32
1748878594683 0.6644333600997925 33
1748878594686 0.6593961119651794 34
1748878594688 0.6614350080490112 35
1748878594690 0.655521810054779 36
1748878594692 0.656886100769043 37
1748878594694 0.6513803005218506 38
1748878594696 0.6550575494766235 39
1748878594699 0.6514725685119629 40
1748878594701 0.6526647806167603 41
1748878594703 0.6460593938827515 42
1748878594705 0.6523544192314148 43
1748878594707 0.6441665291786194 44
1748878594709 0.6484686136245728 45
1748878594712 0.6467961668968201 46
1748878594714 0.6395570039749146 47
1748878594716 0.6439557671546936 48
1748878594719 0.6426743865013123 49
