1748878605032 0.7271366715431213 0
1748878605034 0.7272916436195374 1
1748878605036 0.7245416641235352 2
1748878605039 0.7285167574882507 3
1748878605041 0.7269682288169861 4
1748878605042 0.7297627925872803 5
1748878605044 0.7249016761779785 6
1748878605045 0.722848653793335 7
1748878605047 0.7274634838104248 8
1748878605049 0.7275269627571106 9
1748878605051 0.7332039475440979 10
1748878605053 0.7245936393737793 11
1748878605054 0.7244144082069397 12
1748878605056 0.7264833450317383 13
1748878605057 0.7298628091812134 14
1748878605059 0.7268043160438538 15
1748878605061 0.7305615544319153 16
1748878605062 0.7300321459770203 17
1748878605063 0.7292670011520386 18
1748878605065 0.7248215079307556 19
1748878605066 0.7254987955093384 20
1748878605068 0.7257775068283081 21
1748878605069 0.7246387004852295 22
1748878605071 0.7280635237693787 23
1748878605072 0.7268844246864319 24
1748878605074 0.7281571626663208 25
1748878605076 0.7239698171615601 26
1748878605077 0.722481906414032 27
1748878605078 0.7263388633728027 28
1748878605080 0.7240343689918518 29
1748878605082 0.72613525390625 30
1748878605083 0.7271953821182251 31
1748878605084 0.7264348268508911 32
1748878605086 0.7251046895980835 33
1748878605087 0.7250024676322937 34
1748878605088 0.7247217297554016 35
1748878605090 0.7277178168296814 36
1748878605091 0.7284587025642395 37
1748878605092 0.7296286821365356 38
1748878605094 0.7294018268585205 39
1748878605095 0.7228745222091675 40
1748878605096 0.7272093892097473 41
1748878605098 0.7212369441986084 42
1748878605099 0.7236968874931335 43
1748878605101 0.724146842956543 44
1748878605102 0.7250170707702637 45
1748878605103 0.7225947976112366 46
1748878605105 0.7244547605514526 47
1748878605107 0.7293201088905334 48
1748878605108 0.7255076169967651 49
