1748880346754 0.7271366715431213 0
1748880346756 0.7272916436195374 1
1748880346758 0.7245416641235352 2
1748880346760 0.7285167574882507 3
1748880346762 0.7269682288169861 4
1748880346764 0.7297627925872803 5
1748880346765 0.7249016761779785 6
1748880346767 0.722848653793335 7
1748880346769 0.7274634838104248 8
1748880346770 0.7275269627571106 9
1748880346772 0.7332039475440979 10
1748880346774 0.7245936393737793 11
1748880346775 0.7244144082069397 12
1748880346777 0.7264833450317383 13
1748880346779 0.7298628091812134 14
1748880346780 0.7268043160438538 15
1748880346781 0.7305615544319153 16
1748880346783 0.7300321459770203 17
1748880346785 0.7292670011520386 18
1748880346786 0.7248215079307556 19
1748880346788 0.7254987955093384 20
1748880346789 0.7257775068283081 21
1748880346791 0.7246387004852295 22
1748880346792 0.7280635237693787 23
1748880346794 0.7268844246864319 24
1748880346795 0.7281571626663208 25
1748880346797 0.7239698171615601 26
1748880346798 0.722481906414032 27
1748880346800 0.7263388633728027 28
1748880346801 0.7240343689918518 29
1748880346802 0.72613525390625 30
1748880346804 0.7271953821182251 31
1748880346805 0.7264348268508911 32
1748880346807 0.7251046895980835 33
1748880346809 0.7250024676322937 34
1748880346811 0.7247217297554016 35
1748880346812 0.7277178168296814 36
1748880346814 0.7284587025642395 37
1748880346815 0.7296286821365356 38
1748880346816 0.7294018268585205 39
1748880346818 0.7228745222091675 40
1748880346820 0.7272093892097473 41
1748880346821 0.7212369441986084 42
1748880346823 0.7236968874931335 43
1748880346824 0.724146842956543 44
1748880346826 0.7250170707702637 45
1748880346828 0.7225947976112366 46
1748880346830 0.7244547605514526 47
1748880346831 0.7293201088905334 48
1748880346833 0.7255076169967651 49
