1748878596764 0.7103511095046997 0
1748878596765 0.7124168872833252 1
1748878596766 0.7089502215385437 2
1748878596768 0.7093617916107178 3
1748878596769 0.7092719078063965 4
1748878596770 0.7096762657165527 5
1748878596771 0.7101890444755554 6
1748878596772 0.7090017795562744 7
1748878596773 0.70940762758255 8
1748878596774 0.7092713713645935 9
1748878596775 0.7077351212501526 10
1748878596776 0.705392062664032 11
1748878596777 0.7073193192481995 12
1748878596778 0.7081800699234009 13
1748878596779 0.704355776309967 14
1748878596781 0.7062184810638428 15
1748878596782 0.7061351537704468 16
1748878596783 0.703968346118927 17
1748878596784 0.7061102986335754 18
1748878596785 0.7048893570899963 19
1748878596786 0.7021334767341614 20
1748878596787 0.7021804451942444 21
1748878596788 0.702485203742981 22
1748878596789 0.7036717534065247 23
1748878596790 0.699654221534729 24
1748878596791 0.7012362480163574 25
1748878596792 0.7001659870147705 26
1748878596792 0.6996986865997314 27
1748878596793 0.6986842155456543 28
1748878596794 0.6996084451675415 29
1748878596795 0.6983276605606079 30
1748878596796 0.6990782618522644 31
1748878596797 0.6969737410545349 32
1748878596798 0.697654128074646 33
1748878596799 0.6969243884086609 34
1748878596800 0.6950684785842896 35
1748878596801 0.6926645636558533 36
1748878596802 0.6953077912330627 37
1748878596803 0.6922721862792969 38
1748878596804 0.6927383542060852 39
1748878596805 0.6931049227714539 40
1748878596806 0.6913185119628906 41
1748878596807 0.6919311285018921 42
1748878596807 0.6924633383750916 43
1748878596808 0.6919700503349304 44
1748878596809 0.6899130940437317 45
1748878596810 0.6903380751609802 46
1748878596811 0.6883377432823181 47
1748878596812 0.6911506056785583 48
1748878596813 0.6866300702095032 49
