1748880327159 0.7266571521759033 0
1748880327161 0.7160839438438416 1
1748880327162 0.7183327078819275 2
1748880327163 0.7140450477600098 3
1748880327164 0.7010632753372192 4
1748880327165 0.7144392132759094 5
1748880327166 0.7119885683059692 6
1748880327167 0.7016395330429077 7
1748880327168 0.7038062810897827 8
1748880327170 0.6949210166931152 9
1748880327171 0.6994030475616455 10
1748880327172 0.6967989206314087 11
1748880327173 0.6973384618759155 12
1748880327174 0.6921520233154297 13
1748880327175 0.6800870299339294 14
1748880327176 0.6831396818161011 15
1748880327177 0.6788338422775269 16
1748880327178 0.6729893684387207 17
1748880327180 0.6720669269561768 18
1748880327181 0.6752749085426331 19
1748880327182 0.6635982394218445 20
1748880327183 0.6639381051063538 21
1748880327184 0.668810248374939 22
1748880327185 0.6519017219543457 23
1748880327186 0.6579403281211853 24
1748880327187 0.6661819815635681 25
1748880327188 0.6533470153808594 26
1748880327189 0.6409772038459778 27
1748880327190 0.6419551968574524 28
1748880327191 0.6420630812644958 29
1748880327193 0.6353169679641724 30
1748880327194 0.6355166435241699 31
1748880327195 0.6358475089073181 32
1748880327196 0.6284356117248535 33
1748880327197 0.6328203678131104 34
1748880327198 0.6240038871765137 35
1748880327199 0.6224246621131897 36
1748880327200 0.616038978099823 37
1748880327201 0.6294241547584534 38
1748880327202 0.6198562383651733 39
1748880327204 0.6136714220046997 40
1748880327205 0.615827739238739 41
1748880327206 0.6107288002967834 42
1748880327207 0.5977835655212402 43
1748880327208 0.5978062748908997 44
1748880327209 0.5830557942390442 45
1748880327210 0.5894932150840759 46
1748880327211 0.5986548066139221 47
1748880327212 0.5908234119415283 48
1748880327213 0.5884860157966614 49
