1748878590512 0.7171794176101685 0
1748878590514 0.7177645564079285 1
1748878590516 0.7163307666778564 2
1748878590519 0.7147114872932434 3
1748878590520 0.7155064940452576 4
1748878590522 0.7144539952278137 5
1748878590524 0.7128139138221741 6
1748878590526 0.7143165469169617 7
1748878590527 0.7113373875617981 8
1748878590529 0.713924765586853 9
1748878590531 0.7104507088661194 10
1748878590533 0.7089967131614685 11
1748878590534 0.7097221612930298 12
1748878590536 0.7062801122665405 13
1748878590537 0.7045033574104309 14
1748878590539 0.7058131694793701 15
1748878590541 0.704715371131897 16
1748878590542 0.704478919506073 17
1748878590544 0.7031832337379456 18
1748878590546 0.7014120221138 19
1748878590547 0.7018458247184753 20
1748878590549 0.7013081908226013 21
1748878590550 0.7000659704208374 22
1748878590552 0.6979788541793823 23
1748878590554 0.6991074681282043 24
1748878590555 0.6966845989227295 25
1748878590556 0.6967449188232422 26
1748878590558 0.6957057118415833 27
1748878590559 0.6973040699958801 28
1748878590561 0.694649875164032 29
1748878590562 0.6952348351478577 30
1748878590564 0.6956080198287964 31
1748878590566 0.6938245892524719 32
1748878590567 0.692132830619812 33
1748878590569 0.6920319199562073 34
1748878590570 0.6917939186096191 35
1748878590571 0.6905874013900757 36
1748878590573 0.6903712153434753 37
1748878590575 0.6921405792236328 38
1748878590576 0.6922636032104492 39
1748878590578 0.6925625801086426 40
1748878590579 0.6895151138305664 41
1748878590581 0.6913002133369446 42
1748878590582 0.6886115074157715 43
1748878590584 0.6890504360198975 44
1748878590585 0.6892150044441223 45
1748878590587 0.687666118144989 46
1748878590593 0.6896010637283325 47
1748878590595 0.6892563104629517 48
1748878590596 0.6883106231689453 49
