1748878586377 0.7266571521759033 0
1748878586378 0.7160839438438416 1
1748878586379 0.7183327078819275 2
1748878586380 0.7140450477600098 3
1748878586382 0.7010632753372192 4
1748878586383 0.7144392132759094 5
1748878586385 0.7119885683059692 6
1748878586386 0.7016395330429077 7
1748878586387 0.7038062810897827 8
1748878586388 0.6949210166931152 9
1748878586389 0.6994030475616455 10
1748878586390 0.6967989206314087 11
1748878586391 0.6973384618759155 12
1748878586393 0.6921520233154297 13
1748878586394 0.6800870299339294 14
1748878586395 0.6831396818161011 15
1748878586396 0.6788338422775269 16
1748878586397 0.6729893684387207 17
1748878586398 0.6720669269561768 18
1748878586399 0.6752749085426331 19
1748878586400 0.6635982394218445 20
1748878586401 0.6639381051063538 21
1748878586402 0.668810248374939 22
1748878586403 0.6519017219543457 23
1748878586404 0.6579403281211853 24
1748878586405 0.6661819815635681 25
1748878586406 0.6533470153808594 26
1748878586407 0.6409772038459778 27
1748878586408 0.6419551968574524 28
1748878586409 0.6420630812644958 29
1748878586410 0.6353169679641724 30
1748878586411 0.6355166435241699 31
1748878586412 0.6358475089073181 32
1748878586413 0.6284356117248535 33
1748878586414 0.6328203678131104 34
1748878586415 0.6240038871765137 35
1748878586416 0.6224246621131897 36
1748878586417 0.616038978099823 37
1748878586418 0.6294241547584534 38
1748878586419 0.6198562383651733 39
1748878586420 0.6136714220046997 40
1748878586421 0.615827739238739 41
1748878586422 0.6107288002967834 42
1748878586423 0.5977835655212402 43
1748878586424 0.5978062748908997 44
1748878586425 0.5830557942390442 45
1748878586426 0.5894932150840759 46
1748878586427 0.5986548066139221 47
1748878586428 0.5908234119415283 48
1748878586429 0.5884860157966614 49
