1748878588454 0.7144113779067993 0
1748878588457 0.6669772267341614 1
1748878588459 0.6727212071418762 2
1748878588461 0.8247111439704895 3
1748878588463 0.44823136925697327 4
1748878588465 0.39734259247779846 5
1748878588467 0.3639989495277405 6
1748878588469 0.3721243143081665 7
1748878588471 0.3679769039154053 8
1748878588473 0.3673568069934845 9
1748878588475 0.34989845752716064 10
1748878588477 0.35255563259124756 11
1748878588478 0.31039801239967346 12
1748878588480 0.31853359937667847 13
1748878588483 0.31831640005111694 14
1748878588484 0.33078503608703613 15
1748878588486 0.321579247713089 16
1748878588488 0.3108375668525696 17
1748878588489 0.29994362592697144 18
1748878588491 0.29536500573158264 19
1748878588493 0.29944881796836853 20
1748878588494 0.2789645493030548 21
1748878588496 0.2810540199279785 22
1748878588498 0.30245882272720337 23
1748878588500 0.28345420956611633 24
