1748880333644 0.7039162516593933 0
1748880333647 0.6745158433914185 1
1748880333649 0.6411290168762207 2
1748880333651 0.606669545173645 3
1748880333653 0.5662534236907959 4
1748880333655 0.5132260918617249 5
1748880333657 0.4755440950393677 6
1748880333659 0.4570264220237732 7
1748880333661 0.4237871766090393 8
1748880333662 0.38802769780158997 9
1748880333664 0.3988371789455414 10
1748880333666 0.3941335380077362 11
1748880333668 0.3982210159301758 12
1748880333669 0.3885880410671234 13
1748880333671 0.37819358706474304 14
1748880333673 0.36480700969696045 15
1748880333675 0.3769553005695343 16
1748880333677 0.35001543164253235 17
1748880333678 0.3395136892795563 18
1748880333680 0.36536628007888794 19
1748880333682 0.36161142587661743 20
1748880333683 0.34555646777153015 21
1748880333685 0.3160395920276642 22
1748880333687 0.3279663026332855 23
1748880333688 0.3364756107330322 24
1748880333690 0.33608943223953247 25
1748880333692 0.30277371406555176 26
1748880333693 0.3294423818588257 27
1748880333695 0.30541419982910156 28
1748880333696 0.3217729330062866 29
1748880333698 0.3317285478115082 30
1748880333700 0.306531697511673 31
1748880333701 0.3201391100883484 32
1748880333703 0.30216869711875916 33
1748880333704 0.29707396030426025 34
1748880333706 0.2934155762195587 35
1748880333708 0.30441156029701233 36
1748880333709 0.30488646030426025 37
1748880333711 0.299252450466156 38
