1748880324977 0.7086588144302368 0
1748880324979 0.7071571350097656 1
1748880324981 0.7117265462875366 2
1748880324983 0.7086533904075623 3
1748880324985 0.707045316696167 4
1748880324987 0.7036861777305603 5
1748880324989 0.7028583288192749 6
1748880324991 0.7013305425643921 7
1748880324993 0.7048176527023315 8
1748880324995 0.7032275199890137 9
1748880324997 0.7011572122573853 10
1748880324999 0.7052190899848938 11
1748880325001 0.703311562538147 12
1748880325003 0.6994000673294067 13
1748880325005 0.6962512135505676 14
1748880325007 0.7034463882446289 15
1748880325008 0.6980918645858765 16
1748880325010 0.6935070753097534 17
1748880325012 0.6995392441749573 18
1748880325014 0.6982805728912354 19
1748880325016 0.6993111968040466 20
1748880325017 0.695259153842926 21
1748880325019 0.6940187215805054 22
1748880325021 0.6929224729537964 23
1748880325023 0.6941431164741516 24
1748880325024 0.6900124549865723 25
1748880325026 0.6954470276832581 26
1748880325028 0.6959805488586426 27
1748880325030 0.6916799545288086 28
1748880325031 0.6898728013038635 29
1748880325033 0.683530867099762 30
1748880325035 0.6877589821815491 31
1748880325036 0.6893932223320007 32
1748880325038 0.6950706839561462 33
1748880325040 0.6911189556121826 34
1748880325042 0.6917303800582886 35
1748880325043 0.6924486756324768 36
1748880325045 0.6921601295471191 37
1748880325047 0.6874149441719055 38
1748880325048 0.6877996325492859 39
1748880325050 0.6896914839744568 40
1748880325052 0.6876975893974304 41
1748880325054 0.6823156476020813 42
1748880325055 0.6871179938316345 43
1748880325057 0.6855143308639526 44
1748880325058 0.6817244291305542 45
1748880325060 0.6831070184707642 46
1748880325063 0.6801829934120178 47
1748880325065 0.6889898777008057 48
1748880325066 0.6823844909667969 49
