1748880340208 0.6915096640586853 0
1748880340212 0.6550885438919067 1
1748880340214 0.5930882692337036 2
1748880340216 0.5043766498565674 3
1748880340219 0.4273674488067627 4
1748880340221 0.3732612729072571 5
1748880340223 0.35889390110969543 6
1748880340225 0.3745877742767334 7
1748880340228 0.37120571732521057 8
1748880340230 0.34994325041770935 9
1748880340233 0.32861360907554626 10
1748880340235 0.33189815282821655 11
1748880340237 0.31877943873405457 12
1748880340240 0.3005860447883606 13
1748880340242 0.30416807532310486 14
1748880340244 0.29355984926223755 15
1748880340246 0.29409196972846985 16
1748880340249 0.2828165590763092 17
1748880340251 0.2734507918357849 18
1748880340253 0.27677634358406067 19
1748880340255 0.26246964931488037 20
1748880340258 0.2654339671134949 21
1748880340260 0.2561694383621216 22
