1748880335820 0.6935735940933228 0
1748880335824 0.6899781227111816 1
1748880335828 0.6915297508239746 2
1748880335831 0.6913608908653259 3
1748880335834 0.6902742385864258 4
1748880335837 0.6904501914978027 5
1748880335840 0.6851240396499634 6
1748880335843 0.6922472715377808 7
1748880335846 0.6887032389640808 8
1748880335849 0.6877818703651428 9
1748880335852 0.6859070658683777 10
1748880335855 0.6884328126907349 11
1748880335857 0.6829205751419067 12
1748880335860 0.6814026832580566 13
1748880335862 0.6843746304512024 14
1748880335865 0.6825815439224243 15
1748880335868 0.6786214113235474 16
1748880335870 0.6814312934875488 17
1748880335873 0.6787517666816711 18
1748880335875 0.6780447959899902 19
1748880335878 0.676099956035614 20
1748880335881 0.6759107708930969 21
1748880335883 0.6735376119613647 22
1748880335886 0.6718942523002625 23
1748880335888 0.669649600982666 24
1748880335891 0.6722721457481384 25
1748880335894 0.6669158935546875 26
1748880335896 0.6694532632827759 27
1748880335899 0.6636430621147156 28
1748880335901 0.6655912399291992 29
1748880335904 0.6648630499839783 30
1748880335906 0.6670590043067932 31
1748880335909 0.6625555753707886 32
1748880335911 0.6644333600997925 33
1748880335914 0.6593961119651794 34
1748880335917 0.6614350080490112 35
1748880335919 0.655521810054779 36
1748880335921 0.656886100769043 37
1748880335924 0.6513803005218506 38
1748880335926 0.6550575494766235 39
1748880335929 0.6514725685119629 40
1748880335932 0.6526647806167603 41
1748880335934 0.6460593938827515 42
1748880335937 0.6523544192314148 43
1748880335939 0.6441665291786194 44
1748880335942 0.6484686136245728 45
1748880335944 0.6467961668968201 46
1748880335946 0.6395570039749146 47
1748880335949 0.6439557671546936 48
1748880335952 0.6426743865013123 49
