1748878607206 0.6947289109230042 0
1748878607208 0.6793313026428223 1
1748878607210 0.5019378066062927 2
1748878607212 0.4825502038002014 3
1748878607214 0.805041491985321 4
1748878607216 0.5137200355529785 5
1748878607219 0.38454312086105347 6
1748878607221 0.338872492313385 7
1748878607222 0.34533488750457764 8
1748878607224 0.3429471254348755 9
1748878607226 0.3550569713115692 10
1748878607228 0.320269376039505 11
1748878607229 0.3013288974761963 12
1748878607231 0.3047037124633789 13
1748878607233 0.31679898500442505 14
1748878607235 0.3441147208213806 15
1748878607237 0.31741127371788025 16
1748878607239 0.28368833661079407 17
1748878607241 0.2705497145652771 18
1748878607243 0.25744929909706116 19
1748878607245 0.24875912070274353 20
1748878607247 0.24890364706516266 21
1748878607249 0.23358328640460968 22
1748878607251 0.2364291101694107 23
1748878607252 0.23646944761276245 24
1748878607254 0.23663964867591858 25
