1748880329300 0.7144113779067993 0
1748880329303 0.6669772267341614 1
1748880329305 0.6727212071418762 2
1748880329308 0.8247111439704895 3
1748880329310 0.44823136925697327 4
1748880329312 0.39734259247779846 5
1748880329314 0.3639989495277405 6
1748880329316 0.3721243143081665 7
1748880329317 0.3679769039154053 8
1748880329319 0.3673568069934845 9
1748880329321 0.34989845752716064 10
1748880329323 0.35255563259124756 11
1748880329325 0.31039801239967346 12
1748880329327 0.31853359937667847 13
1748880329329 0.31831640005111694 14
1748880329331 0.33078503608703613 15
1748880329333 0.321579247713089 16
1748880329335 0.3108375668525696 17
1748880329336 0.29994362592697144 18
1748880329338 0.29536500573158264 19
1748880329340 0.29944881796836853 20
1748880329342 0.2789645493030548 21
1748880329344 0.2810540199279785 22
1748880329346 0.30245882272720337 23
1748880329348 0.28345420956611633 24
