1748878598780 0.6915096640586853 0
1748878598783 0.6550885438919067 1
1748878598792 0.5930882692337036 2
1748878598796 0.5043766498565674 3
1748878598800 0.4273674488067627 4
1748878598804 0.3732612729072571 5
1748878598807 0.35889390110969543 6
1748878598811 0.3745877742767334 7
1748878598814 0.37120571732521057 8
1748878598817 0.34994325041770935 9
1748878598819 0.32861360907554626 10
1748878598822 0.33189815282821655 11
1748878598824 0.31877943873405457 12
1748878598826 0.3005860447883606 13
1748878598829 0.30416807532310486 14
1748878598830 0.29355984926223755 15
1748878598832 0.29409196972846985 16
1748878598834 0.2828165590763092 17
1748878598836 0.2734507918357849 18
1748878598838 0.27677634358406067 19
1748878598840 0.26246964931488037 20
1748878598842 0.2654339671134949 21
1748878598844 0.2561694383621216 22
