1748878592567 0.7039162516593933 0
1748878592569 0.6745158433914185 1
1748878592571 0.6411290168762207 2
1748878592573 0.606669545173645 3
1748878592576 0.5662534236907959 4
1748878592578 0.5132260918617249 5
1748878592580 0.4755440950393677 6
1748878592582 0.4570264220237732 7
1748878592584 0.4237871766090393 8
1748878592586 0.38802769780158997 9
1748878592588 0.3988371789455414 10
1748878592589 0.3941335380077362 11
1748878592590 0.3982210159301758 12
1748878592592 0.3885880410671234 13
1748878592594 0.37819358706474304 14
1748878592595 0.36480700969696045 15
1748878592597 0.3769553005695343 16
1748878592599 0.35001543164253235 17
1748878592601 0.3395136892795563 18
1748878592602 0.36536628007888794 19
1748878592604 0.36161142587661743 20
1748878592606 0.34555646777153015 21
1748878592607 0.3160395920276642 22
1748878592609 0.3279663026332855 23
1748878592610 0.3364756107330322 24
1748878592612 0.33608943223953247 25
1748878592613 0.30277371406555176 26
1748878592615 0.3294423818588257 27
1748878592616 0.30541419982910156 28
1748878592618 0.3217729330062866 29
1748878592619 0.3317285478115082 30
1748878592621 0.306531697511673 31
1748878592622 0.3201391100883484 32
1748878592624 0.30216869711875916 33
1748878592625 0.29707396030426025 34
1748878592626 0.2934155762195587 35
1748878592628 0.30441156029701233 36
1748878592629 0.30488646030426025 37
1748878592631 0.299252450466156 38
