1748880322571 0.696731448173523 0
1748880322573 0.6868752241134644 1
1748880322574 0.6720874309539795 2
1748880322575 0.6569993495941162 3
1748880322577 0.6404588222503662 4
1748880322578 0.611707866191864 5
1748880322579 0.5896202921867371 6
1748880322580 0.5531927347183228 7
1748880322581 0.5213474631309509 8
1748880322583 0.49086177349090576 9
1748880322584 0.4596059024333954 10
1748880322585 0.4485413730144501 11
1748880322586 0.42114147543907166 12
1748880322587 0.40604615211486816 13
1748880322588 0.39338576793670654 14
1748880322590 0.3993941843509674 15
1748880322591 0.36572155356407166 16
1748880322592 0.37405940890312195 17
1748880322593 0.37617239356040955 18
1748880322594 0.36505255103111267 19
1748880322595 0.36344870924949646 20
1748880322596 0.3472558557987213 21
1748880322598 0.35675105452537537 22
