1748878602888 0.6992632746696472 0
1748878602891 0.7040302157402039 1
1748878602894 0.7032486200332642 2
1748878602897 0.7024562954902649 3
1748878602900 0.7047677040100098 4
1748878602902 0.704467236995697 5
1748878602905 0.7041879892349243 6
1748878602908 0.7050490379333496 7
1748878602910 0.7033731937408447 8
1748878602913 0.7023572325706482 9
1748878602915 0.703560471534729 10
1748878602917 0.7044360637664795 11
1748878602920 0.7029411196708679 12
1748878602922 0.7064303755760193 13
1748878602924 0.7011913061141968 14
1748878602926 0.7027051448822021 15
1748878602929 0.7036234140396118 16
1748878602931 0.7071953415870667 17
1748878602933 0.7012869715690613 18
1748878602935 0.7012428045272827 19
1748878602937 0.699723482131958 20
1748878602939 0.701568603515625 21
1748878602942 0.6960710287094116 22
1748878602944 0.7019929885864258 23
1748878602946 0.7009754776954651 24
1748878602948 0.7019350528717041 25
1748878602950 0.698420524597168 26
1748878602952 0.6993916034698486 27
1748878602954 0.7000710368156433 28
1748878602956 0.6980698704719543 29
1748878602958 0.7005851864814758 30
1748878602961 0.7001276016235352 31
1748878602963 0.7008036375045776 32
1748878602965 0.7020338773727417 33
1748878602967 0.6996811628341675 34
1748878602969 0.7005785703659058 35
1748878602971 0.6975394487380981 36
1748878602973 0.7001758813858032 37
1748878602975 0.699045717716217 38
1748878602977 0.7003287076950073 39
1748878602979 0.6992076635360718 40
1748878602981 0.6989442706108093 41
1748878602983 0.6975497007369995 42
1748878602985 0.6986485719680786 43
1748878602987 0.6963471174240112 44
1748878602989 0.698433518409729 45
1748878602991 0.6969897747039795 46
1748878602994 0.6992968916893005 47
1748878602996 0.6999428868293762 48
1748878602998 0.6950368285179138 49
