1748878584295 0.7086588144302368 0
1748878584298 0.7071571350097656 1
1748878584300 0.7117265462875366 2
1748878584303 0.7086533904075623 3
1748878584305 0.707045316696167 4
1748878584307 0.7036861777305603 5
1748878584309 0.7028583288192749 6
1748878584311 0.7013305425643921 7
1748878584313 0.7048176527023315 8
1748878584314 0.7032275199890137 9
1748878584316 0.7011572122573853 10
1748878584318 0.7052190899848938 11
1748878584319 0.703311562538147 12
1748878584321 0.6994000673294067 13
1748878584323 0.6962512135505676 14
1748878584325 0.7034463882446289 15
1748878584327 0.6980918645858765 16
1748878584328 0.6935070753097534 17
1748878584330 0.6995392441749573 18
1748878584331 0.6982805728912354 19
1748878584333 0.6993111968040466 20
1748878584334 0.695259153842926 21
1748878584336 0.6940187215805054 22
1748878584338 0.6929224729537964 23
1748878584339 0.6941431164741516 24
1748878584341 0.6900124549865723 25
1748878584342 0.6954470276832581 26
1748878584344 0.6959805488586426 27
1748878584345 0.6916799545288086 28
1748878584347 0.6898728013038635 29
1748878584348 0.683530867099762 30
1748878584350 0.6877589821815491 31
1748878584351 0.6893932223320007 32
1748878584353 0.6950706839561462 33
1748878584354 0.6911189556121826 34
1748878584356 0.6917303800582886 35
1748878584357 0.6924486756324768 36
1748878584359 0.6921601295471191 37
1748878584361 0.6874149441719055 38
1748878584362 0.6877996325492859 39
1748878584364 0.6896914839744568 40
1748878584366 0.6876975893974304 41
1748878584367 0.6823156476020813 42
1748878584369 0.6871179938316345 43
1748878584370 0.6855143308639526 44
1748878584372 0.6817244291305542 45
1748878584373 0.6831070184707642 46
1748878584375 0.6801829934120178 47
1748878584376 0.6889898777008057 48
1748878584378 0.6823844909667969 49
