1748880331459 0.7171794176101685 0
1748880331461 0.7177645564079285 1
1748880331463 0.7163307666778564 2
1748880331465 0.7147114872932434 3
1748880331467 0.7155064940452576 4
1748880331469 0.7144539952278137 5
1748880331471 0.7128139138221741 6
1748880331472 0.7143165469169617 7
1748880331474 0.7113373875617981 8
1748880331476 0.713924765586853 9
1748880331478 0.7104507088661194 10
1748880331480 0.7089967131614685 11
1748880331482 0.7097221612930298 12
1748880331484 0.7062801122665405 13
1748880331486 0.7045033574104309 14
1748880331487 0.7058131694793701 15
1748880331489 0.704715371131897 16
1748880331491 0.704478919506073 17
1748880331493 0.7031832337379456 18
1748880331494 0.7014120221138 19
1748880331496 0.7018458247184753 20
1748880331498 0.7013081908226013 21
1748880331499 0.7000659704208374 22
1748880331501 0.6979788541793823 23
1748880331503 0.6991074681282043 24
1748880331505 0.6966845989227295 25
1748880331507 0.6967449188232422 26
1748880331508 0.6957057118415833 27
1748880331510 0.6973040699958801 28
1748880331511 0.694649875164032 29
1748880331513 0.6952348351478577 30
1748880331515 0.6956080198287964 31
1748880331516 0.6938245892524719 32
1748880331518 0.692132830619812 33
1748880331520 0.6920319199562073 34
1748880331521 0.6917939186096191 35
1748880331524 0.6905874013900757 36
1748880331526 0.6903712153434753 37
1748880331528 0.6921405792236328 38
1748880331529 0.6922636032104492 39
1748880331531 0.6925625801086426 40
1748880331533 0.6895151138305664 41
1748880331535 0.6913002133369446 42
1748880331537 0.6886115074157715 43
1748880331539 0.6890504360198975 44
1748880331540 0.6892150044441223 45
1748880331542 0.687666118144989 46
1748880331544 0.6896010637283325 47
1748880331546 0.6892563104629517 48
1748880331548 0.6883106231689453 49
