1748880338033 0.7103511095046997 0
1748880338035 0.7124168872833252 1
1748880338036 0.7089502215385437 2
1748880338038 0.7093617916107178 3
1748880338039 0.7092719078063965 4
1748880338040 0.7096762657165527 5
1748880338041 0.7101890444755554 6
1748880338042 0.7090017795562744 7
1748880338043 0.70940762758255 8
1748880338045 0.7092713713645935 9
1748880338046 0.7077351212501526 10
1748880338047 0.705392062664032 11
1748880338048 0.7073193192481995 12
1748880338049 0.7081800699234009 13
1748880338050 0.704355776309967 14
1748880338051 0.7062184810638428 15
1748880338052 0.7061351537704468 16
1748880338053 0.703968346118927 17
1748880338054 0.7061102986335754 18
1748880338055 0.7048893570899963 19
1748880338057 0.7021334767341614 20
1748880338058 0.7021804451942444 21
1748880338059 0.702485203742981 22
1748880338060 0.7036717534065247 23
1748880338061 0.699654221534729 24
1748880338062 0.7012362480163574 25
1748880338063 0.7001659870147705 26
1748880338064 0.6996986865997314 27
1748880338065 0.6986842155456543 28
1748880338066 0.6996084451675415 29
1748880338068 0.6983276605606079 30
1748880338069 0.6990782618522644 31
1748880338070 0.6969737410545349 32
1748880338071 0.697654128074646 33
1748880338072 0.6969243884086609 34
1748880338073 0.6950684785842896 35
1748880338074 0.6926645636558533 36
1748880338075 0.6953077912330627 37
1748880338076 0.6922721862792969 38
1748880338077 0.6927383542060852 39
1748880338079 0.6931049227714539 40
1748880338080 0.6913185119628906 41
1748880338081 0.6919311285018921 42
1748880338082 0.6924633383750916 43
1748880338083 0.6919700503349304 44
1748880338084 0.6899130940437317 45
1748880338085 0.6903380751609802 46
1748880338086 0.6883377432823181 47
1748880338087 0.6911506056785583 48
1748880338088 0.6866300702095032 49
